50 14
1 1 1 1 1 1 1 1 1 1 1 1 1 1 1 1 1 1 1 1 1 1 1 1 1 1 1 1 1 1 1 1 1 1 1 1 1 1 1 1 1 1 1 1 1 1 1 1 1 1
1 1 1 1 1 1 1 1 1 1 1 1 1 1 1 1 1 1 1 1 1 1 1 1 1 1 1 1 1 1 1 1 1 1 1 1 1 1 1 1 1 1 1 1 1 1 1 1 1 1
1 1 1 1 1 1 1 1 1 1 1 1 1 1 1 1 1 1 1 1 1 1 1 1 1 1 1 1 1 1 1 1 1 1 1 1 1 1 1 1 1 1 1 1 1 1 1 1 1 1
1 3 1 1 1 1 1 1 1 1 1 1 1 1 1 1 1 1 1 1 1 1 1 1 1 1 1 1 1 1 1 1 1 1 1 1 1 1 1 1 1 1 1 1 1 1 1 1 1 1
1 1 1 1 1 1 1 1 1 1 1 1 1 1 1 1 1 1 1 1 1 1 1 1 1 1 1 1 1 1 1 1 1 1 1 1 1 1 1 1 1 1 1 1 1 1 1 1 3 1
1 1 1 1 1 1 1 1 1 1 1 1 1 1 1 1 1 1 6 6 6 1 1 1 1 1 1 1 1 1 1 1 1 1 1 1 1 1 1 1 1 1 1 1 1 1 1 1 1 1
1 1 1 1 1 1 6 1 1 1 1 1 1 1 1 1 1 6 6 6 6 6 1 1 1 1 1 1 1 1 1 1 1 1 1 1 1 1 1 1 1 1 1 1 1 1 1 1 1 1
1 1 1 1 1 6 6 6 1 1 1 1 1 1 1 1 1 6 6 5 6 6 1 1 1 1 1 1 1 1 1 1 1 1 1 13 14 15 16 1 1 1 1 1 1 1 1 1 1 1
1 1 1 1 6 6 6 6 6 1 1 1 1 1 1 1 1 1 1 12 1 1 1 1 1 1 1 1 1 1 1 1 1 1 1 17 18 19 20 1 1 1 1 1 1 1 1 1 1 1
1 1 1 1 6 6 6 6 6 1 1 1 1 1 1 1 1 1 1 5 1 1 1 1 1 1 1 1 1 1 1 1 1 1 1 21 22 23 24 1 1 1 1 1 1 1 1 8 1 1
1 1 1 1 1 6 5 6 1 1 1 1 1 1 1 4 0 0 0 0 0 0 0 1 8 1 1 1 1 1 1 1 1 8 1 25 26 27 28 1 8 1 1 4 0 0 0 0 0 0
1 1 8 1 1 1 5 1 1 1 1 8 4 0 0 0 2 2 2 2 2 2 2 0 0 0 9 9 9 9 0 0 0 0 0 0 0 0 0 0 0 0 0 0 2 2 2 2 2 2
0 0 0 0 0 0 0 0 0 0 0 0 0 2 2 2 2 2 2 2 2 2 2 2 2 2 10 10 10 10 2 2 2 2 2 2 2 2 2 2 2 2 2 2 2 2 2 2 2 2
2 2 2 2 2 2 2 2 2 2 2 2 2 2 2 2 2 2 2 2 2 2 2 2 2 2 11 11 11 11 2 2 2 2 2 2 2 2 2 2 2 2 2 2 2 2 2 2 2 2