17 13
29 29 29 29 29 29 29 29 29 29 29 29 29 29 29 29 29
29 3 29 29 8 8 8 8 8 8 29 29 29 29 29 29 29
29 29 29 8 2 2 2 2 2 2 8 29 29 29 29 29 29
29 29 29 2 2 12 2 2 12 2 2 29 29 29 29 29 29
29 29 29 29 2 2 2 2 2 2 29 29 29 29 29 29 29
29 29 29 29 2 6 11 11 6 2 29 29 29 29 29 29 29
29 29 29 29 29 2 2 2 2 29 29 13 14 15 16 29 29
29 29 29 29 29 29 29 29 29 29 29 17 18 19 20 29 29
29 29 29 29 29 29 29 29 29 29 29 21 22 23 24 29 29
29 29 7 29 29 29 0 0 0 29 8 25 26 26 28 7 29
0 0 0 0 0 0 0 0 0 0 0 0 0 0 0 0 0
2 2 2 2 2 2 2 2 2 2 2 2 2 2 2 2 2
2 2 2 2 2 2 2 2 2 2 2 2 2 2 2 2 2